data=[78 79 80 81 82 83 84 85 86 87;
     23.8,27.6,31.6,32.4,33.7,34.9,43.2,52.8,63.8,73.4;
     41.4,51.8,61.7,67.9,68.7,77.5,95.9,137.4,155.0,175.0];
     save data1 data;