x1=[459  362  624  542  509  584  433  748   815  505];
x2=[612  452  434  982  640  742  565  706   593  680];
x3=[926  653  164  487  734  608  428  1153  593  844];
x4=[527  552  513  781  474  388  824  538   862  659];
x5=[775  859  755  49   697  515  628  954   771  609];
x6=[402  960  885  610  292  837  473  677   358  638];
x7=[699  634  555  570  84   416  606  1062  484  120];
x8=[447  654  564  339  280  246  687  539   790  581];
x9=[621  724  531  512  577  496  468  499   544  645];
x10=[764  558  378  765  666  763  217  715   310  851];
x=[x1 x2 x3 x4 x5 x6 x7 x8 x9 x10];
save dj x