  x1=[2.15	1.62	2.3	1.67	3.3	1.57	2.25	1.36	2.55	3.1	2.38	2.75	2.2	1.7	1.65	2.3	5.5	1.08	1.6	1.67	1.73	1.91	1.36	1.4	3.4	2.45	1.4	1.83	1.29	1.25	2.15	4.2	4.2	1.36	3	1.91	1.44	2.38	2.45	1.44	1.53	2.05	1.4	1.75	2.63	1.95	2.7];
  x2=[3.1	3.8	3.4	3.6	3.1	3.8	3	5	3.4	3.6	3.2	3.2	3.3	3.8	3.8	3.6	4	12	4	4	3.75	3.6	4.75	4	3.1	3.3	4.2	3.6	5.5	5.5	3.1	3.6	3.75	4.75	3.2	3.4	4.33	3.6	3.4	4.5	4.33	3.6	4.2	3.6	3.2	3.25	3.2];
  x3=[3.5	5.5	3	5.25	2.3	6	3.5	7.5	2.63	2.15	3	2.63	3.3	4.75	5	2.8	1.57	19	5.25	4.75	4.5	3.8	8	9.5	2.25	2.8	9	4.2	10	12	3.25	1.83	1.8	8	2.25	4	7	2.75	2.8	6.5	5.5	3.3	7	4.75	2.7	4.2	2.6];
  y=0.206919701534323-0.229635122917913*x1+0.445807468587154*x2-0.0323088413825895*x3;

 y